Algorithm: radix_sort
Case: average
Size: 100
Time taken: 0.00031749997287988663 seconds
Array before sorting: [88, 41, 30, 57, 33, 59, 16, 42, 0, 72, 32, 54, 6, 46, 56, 76, 80, 96, 37, 66, 4, 13, 28, 1, 87, 10, 26, 53, 36, 5, 68, 61, 89, 40, 84, 71, 75, 14, 25, 31, 82, 70, 7, 20, 79, 23, 11, 17, 15, 69, 74, 22, 24, 39, 27, 60, 45, 81, 18, 97, 3, 34, 83, 95, 91, 90, 49, 21, 29, 52, 86, 48, 35, 93, 58, 43, 12, 65, 62, 50, 98, 2, 99, 44, 64, 38, 77, 78, 19, 8, 63, 47, 85, 73, 67, 92, 55, 51, 94, 9]
Array after sorting: [0, 1, 2, 3, 4, 5, 6, 7, 8, 9, 10, 11, 12, 13, 14, 15, 16, 17, 18, 19, 20, 21, 22, 23, 24, 25, 26, 27, 28, 29, 30, 31, 32, 33, 34, 35, 36, 37, 38, 39, 40, 41, 42, 43, 44, 45, 46, 47, 48, 49, 50, 51, 52, 53, 54, 55, 56, 57, 58, 59, 60, 61, 62, 63, 64, 65, 66, 67, 68, 69, 70, 71, 72, 73, 74, 75, 76, 77, 78, 79, 80, 81, 82, 83, 84, 85, 86, 87, 88, 89, 90, 91, 92, 93, 94, 95, 96, 97, 98, 99]

Algorithm: radix_sort
Case: average
Size: 1000
Time taken: 0.0017525999573990703 seconds

Algorithm: radix_sort
Case: average
Size: 10000
Time taken: 0.01898960000835359 seconds

