Algorithm: radix_sort
Case: average
Size: 100
Time taken: 0.00030429998878389597 seconds
Array before sorting: [41, 15, 30, 66, 53, 48, 6, 43, 85, 12, 9, 68, 32, 24, 61, 95, 57, 83, 92, 58, 2, 75, 7, 49, 0, 44, 21, 18, 27, 14, 13, 55, 71, 20, 59, 25, 80, 47, 98, 10, 33, 73, 50, 93, 94, 78, 87, 46, 63, 67, 81, 54, 91, 28, 34, 90, 31, 16, 29, 36, 40, 45, 51, 62, 3, 37, 99, 97, 89, 35, 69, 65, 72, 74, 76, 82, 23, 86, 77, 60, 88, 11, 42, 19, 22, 5, 1, 56, 38, 96, 26, 52, 84, 8, 79, 39, 64, 70, 17, 4]
Array after sorting: [0, 1, 2, 3, 4, 5, 6, 7, 8, 9, 10, 11, 12, 13, 14, 15, 16, 17, 18, 19, 20, 21, 22, 23, 24, 25, 26, 27, 28, 29, 30, 31, 32, 33, 34, 35, 36, 37, 38, 39, 40, 41, 42, 43, 44, 45, 46, 47, 48, 49, 50, 51, 52, 53, 54, 55, 56, 57, 58, 59, 60, 61, 62, 63, 64, 65, 66, 67, 68, 69, 70, 71, 72, 73, 74, 75, 76, 77, 78, 79, 80, 81, 82, 83, 84, 85, 86, 87, 88, 89, 90, 91, 92, 93, 94, 95, 96, 97, 98, 99]

Algorithm: radix_sort
Case: average
Size: 1000
Time taken: 0.001981700013857335 seconds

Algorithm: radix_sort
Case: average
Size: 10000
Time taken: 0.01980000000912696 seconds

