Algorithm: radix_sort
Case: average
Size: 100
Time taken: 0.0002660999889485538 seconds
Array before sorting: [6, 25, 44, 11, 17, 98, 56, 79, 67, 66, 75, 95, 54, 53, 61, 88, 38, 65, 35, 60, 24, 9, 43, 10, 3, 1, 47, 28, 81, 94, 45, 80, 85, 84, 48, 21, 27, 46, 89, 40, 69, 29, 14, 90, 72, 31, 77, 49, 18, 96, 78, 4, 91, 93, 51, 59, 74, 52, 8, 22, 32, 99, 15, 26, 76, 73, 42, 57, 39, 58, 0, 7, 36, 34, 23, 50, 37, 64, 19, 82, 33, 70, 63, 86, 92, 55, 83, 30, 12, 2, 20, 97, 87, 71, 62, 13, 16, 68, 41, 5]
Array after sorting: [0, 1, 2, 3, 4, 5, 6, 7, 8, 9, 10, 11, 12, 13, 14, 15, 16, 17, 18, 19, 20, 21, 22, 23, 24, 25, 26, 27, 28, 29, 30, 31, 32, 33, 34, 35, 36, 37, 38, 39, 40, 41, 42, 43, 44, 45, 46, 47, 48, 49, 50, 51, 52, 53, 54, 55, 56, 57, 58, 59, 60, 61, 62, 63, 64, 65, 66, 67, 68, 69, 70, 71, 72, 73, 74, 75, 76, 77, 78, 79, 80, 81, 82, 83, 84, 85, 86, 87, 88, 89, 90, 91, 92, 93, 94, 95, 96, 97, 98, 99]

Algorithm: radix_sort
Case: average
Size: 1000
Time taken: 0.0015402999706566334 seconds

Algorithm: radix_sort
Case: average
Size: 10000
Time taken: 0.017021600040607154 seconds

