Algorithm: radix_sort
Case: average
Size: 100
Time taken: 0.00035200000274926424 seconds
Array before sorting: [29, 53, 84, 25, 31, 32, 22, 15, 96, 54, 83, 78, 48, 49, 87, 65, 56, 8, 91, 28, 73, 4, 5, 41, 68, 93, 51, 69, 26, 81, 57, 35, 11, 27, 40, 60, 52, 74, 95, 92, 36, 7, 2, 97, 66, 63, 55, 88, 45, 89, 38, 3, 0, 59, 39, 44, 43, 34, 94, 76, 47, 80, 10, 6, 18, 17, 1, 90, 61, 12, 24, 19, 75, 9, 71, 42, 58, 46, 79, 82, 50, 77, 30, 20, 37, 62, 13, 64, 14, 85, 98, 21, 23, 86, 70, 67, 33, 72, 99, 16]
Array after sorting: [0, 1, 2, 3, 4, 5, 6, 7, 8, 9, 10, 11, 12, 13, 14, 15, 16, 17, 18, 19, 20, 21, 22, 23, 24, 25, 26, 27, 28, 29, 30, 31, 32, 33, 34, 35, 36, 37, 38, 39, 40, 41, 42, 43, 44, 45, 46, 47, 48, 49, 50, 51, 52, 53, 54, 55, 56, 57, 58, 59, 60, 61, 62, 63, 64, 65, 66, 67, 68, 69, 70, 71, 72, 73, 74, 75, 76, 77, 78, 79, 80, 81, 82, 83, 84, 85, 86, 87, 88, 89, 90, 91, 92, 93, 94, 95, 96, 97, 98, 99]

Algorithm: radix_sort
Case: average
Size: 1000
Time taken: 0.0014997999533079565 seconds

Algorithm: radix_sort
Case: average
Size: 10000
Time taken: 0.01887269999133423 seconds

