Algorithm: radix_sort
Case: average
Size: 100
Time taken: 0.0003491000388748944 seconds
Array before sorting: [41, 36, 68, 16, 30, 20, 94, 96, 77, 64, 37, 66, 0, 7, 32, 40, 71, 25, 18, 21, 99, 65, 33, 69, 95, 80, 60, 97, 12, 85, 39, 51, 84, 53, 28, 93, 34, 67, 8, 27, 76, 22, 10, 1, 75, 42, 14, 79, 86, 55, 24, 49, 90, 23, 59, 44, 50, 43, 11, 58, 54, 13, 38, 73, 92, 63, 6, 98, 46, 72, 83, 35, 19, 47, 56, 88, 87, 4, 48, 15, 45, 91, 17, 57, 26, 70, 81, 89, 61, 2, 5, 82, 31, 62, 9, 78, 29, 74, 3, 52]
Array after sorting: [0, 1, 2, 3, 4, 5, 6, 7, 8, 9, 10, 11, 12, 13, 14, 15, 16, 17, 18, 19, 20, 21, 22, 23, 24, 25, 26, 27, 28, 29, 30, 31, 32, 33, 34, 35, 36, 37, 38, 39, 40, 41, 42, 43, 44, 45, 46, 47, 48, 49, 50, 51, 52, 53, 54, 55, 56, 57, 58, 59, 60, 61, 62, 63, 64, 65, 66, 67, 68, 69, 70, 71, 72, 73, 74, 75, 76, 77, 78, 79, 80, 81, 82, 83, 84, 85, 86, 87, 88, 89, 90, 91, 92, 93, 94, 95, 96, 97, 98, 99]

Algorithm: radix_sort
Case: average
Size: 1000
Time taken: 0.001561799959745258 seconds

Algorithm: radix_sort
Case: average
Size: 10000
Time taken: 0.016775499971117824 seconds

