Algorithm: quick_sort
Case: average
Size: 100
Time taken: 0.00030399998649954796 seconds
Array before sorting: [51, 63, 40, 99, 57, 55, 95, 34, 43, 5, 89, 7, 91, 77, 18, 80, 78, 74, 31, 15, 13, 79, 58, 88, 59, 54, 64, 17, 4, 50, 96, 46, 53, 75, 33, 66, 10, 69, 36, 39, 72, 28, 2, 83, 29, 14, 98, 3, 92, 67, 85, 30, 90, 93, 24, 61, 87, 16, 52, 76, 25, 37, 82, 19, 20, 11, 86, 48, 41, 47, 97, 26, 73, 22, 68, 94, 45, 32, 9, 71, 27, 56, 42, 23, 8, 70, 65, 62, 49, 38, 81, 12, 44, 6, 35, 0, 60, 1, 21, 84]
Array after sorting: [0, 1, 2, 3, 4, 5, 6, 7, 8, 9, 10, 11, 12, 13, 14, 15, 16, 17, 18, 19, 20, 21, 22, 23, 24, 25, 26, 27, 28, 29, 30, 31, 32, 33, 34, 35, 36, 37, 38, 39, 40, 41, 42, 43, 44, 45, 46, 47, 48, 49, 50, 51, 52, 53, 54, 55, 56, 57, 58, 59, 60, 61, 62, 63, 64, 65, 66, 67, 68, 69, 70, 71, 72, 73, 74, 75, 76, 77, 78, 79, 80, 81, 82, 83, 84, 85, 86, 87, 88, 89, 90, 91, 92, 93, 94, 95, 96, 97, 98, 99]

Algorithm: quick_sort
Case: average
Size: 1000
Time taken: 0.0012549000093713403 seconds

Algorithm: quick_sort
Case: average
Size: 10000
Time taken: 0.013945800019428134 seconds

