Algorithm: quick_sort
Case: average
Size: 100
Time taken: 0.00033160002203658223 seconds
Array before sorting: [29, 25, 8, 27, 45, 76, 58, 15, 78, 16, 69, 35, 39, 92, 97, 70, 66, 41, 46, 64, 89, 75, 81, 51, 72, 77, 3, 68, 19, 73, 84, 67, 34, 88, 14, 80, 47, 98, 50, 52, 79, 18, 61, 90, 31, 6, 24, 94, 87, 56, 32, 65, 26, 48, 63, 62, 9, 57, 2, 7, 5, 13, 60, 91, 30, 28, 53, 85, 38, 96, 99, 11, 82, 1, 17, 42, 49, 86, 74, 40, 54, 21, 71, 43, 23, 93, 95, 0, 12, 33, 36, 37, 83, 59, 10, 4, 22, 55, 44, 20]
Array after sorting: [0, 1, 2, 3, 4, 5, 6, 7, 8, 9, 10, 11, 12, 13, 14, 15, 16, 17, 18, 19, 20, 21, 22, 23, 24, 25, 26, 27, 28, 29, 30, 31, 32, 33, 34, 35, 36, 37, 38, 39, 40, 41, 42, 43, 44, 45, 46, 47, 48, 49, 50, 51, 52, 53, 54, 55, 56, 57, 58, 59, 60, 61, 62, 63, 64, 65, 66, 67, 68, 69, 70, 71, 72, 73, 74, 75, 76, 77, 78, 79, 80, 81, 82, 83, 84, 85, 86, 87, 88, 89, 90, 91, 92, 93, 94, 95, 96, 97, 98, 99]

Algorithm: quick_sort
Case: average
Size: 1000
Time taken: 0.0013982999953441322 seconds

Algorithm: quick_sort
Case: average
Size: 10000
Time taken: 0.013810399977955967 seconds

