Algorithm: quick_sort
Case: average
Size: 100
Time taken: 0.0003212000010535121 seconds
Array before sorting: [91, 98, 42, 66, 93, 18, 16, 55, 82, 37, 35, 1, 9, 60, 59, 22, 28, 67, 52, 96, 32, 89, 57, 30, 41, 44, 65, 90, 76, 39, 79, 54, 53, 81, 70, 20, 0, 8, 49, 51, 24, 94, 84, 88, 34, 14, 87, 73, 46, 40, 78, 62, 75, 7, 26, 6, 11, 43, 15, 85, 61, 17, 77, 92, 19, 97, 10, 33, 68, 74, 71, 27, 29, 80, 38, 58, 69, 2, 64, 50, 4, 56, 25, 3, 12, 21, 47, 45, 95, 13, 48, 5, 83, 31, 72, 86, 36, 99, 63, 23]
Array after sorting: [0, 1, 2, 3, 4, 5, 6, 7, 8, 9, 10, 11, 12, 13, 14, 15, 16, 17, 18, 19, 20, 21, 22, 23, 24, 25, 26, 27, 28, 29, 30, 31, 32, 33, 34, 35, 36, 37, 38, 39, 40, 41, 42, 43, 44, 45, 46, 47, 48, 49, 50, 51, 52, 53, 54, 55, 56, 57, 58, 59, 60, 61, 62, 63, 64, 65, 66, 67, 68, 69, 70, 71, 72, 73, 74, 75, 76, 77, 78, 79, 80, 81, 82, 83, 84, 85, 86, 87, 88, 89, 90, 91, 92, 93, 94, 95, 96, 97, 98, 99]

Algorithm: quick_sort
Case: average
Size: 1000
Time taken: 0.001339399954304099 seconds

Algorithm: quick_sort
Case: average
Size: 10000
Time taken: 0.01471959997434169 seconds

