Algorithm: quick_sort
Case: average
Size: 100
Time taken: 0.00030449999030679464 seconds
Array before sorting: [81, 23, 60, 27, 65, 57, 49, 54, 19, 21, 38, 5, 63, 97, 98, 18, 95, 44, 39, 3, 6, 16, 70, 58, 22, 48, 56, 25, 61, 29, 8, 55, 33, 84, 80, 73, 85, 51, 34, 26, 82, 12, 69, 47, 13, 59, 4, 89, 10, 94, 92, 7, 88, 11, 42, 67, 72, 35, 43, 68, 2, 90, 76, 45, 74, 83, 62, 15, 28, 50, 17, 71, 40, 53, 37, 46, 86, 93, 1, 52, 0, 77, 32, 41, 30, 31, 96, 64, 91, 20, 79, 87, 9, 78, 66, 24, 99, 36, 14, 75]
Array after sorting: [0, 1, 2, 3, 4, 5, 6, 7, 8, 9, 10, 11, 12, 13, 14, 15, 16, 17, 18, 19, 20, 21, 22, 23, 24, 25, 26, 27, 28, 29, 30, 31, 32, 33, 34, 35, 36, 37, 38, 39, 40, 41, 42, 43, 44, 45, 46, 47, 48, 49, 50, 51, 52, 53, 54, 55, 56, 57, 58, 59, 60, 61, 62, 63, 64, 65, 66, 67, 68, 69, 70, 71, 72, 73, 74, 75, 76, 77, 78, 79, 80, 81, 82, 83, 84, 85, 86, 87, 88, 89, 90, 91, 92, 93, 94, 95, 96, 97, 98, 99]

Algorithm: quick_sort
Case: average
Size: 1000
Time taken: 0.0012477999553084373 seconds

Algorithm: quick_sort
Case: average
Size: 10000
Time taken: 0.014365399954840541 seconds

