Algorithm: quick_sort
Case: average
Size: 100
Time taken: 0.00025179999647662044 seconds
Array before sorting: [37, 74, 5, 82, 87, 9, 65, 52, 22, 46, 64, 99, 16, 43, 44, 39, 95, 55, 48, 62, 85, 89, 93, 13, 51, 19, 80, 70, 91, 6, 7, 78, 3, 2, 31, 15, 36, 45, 50, 4, 24, 54, 97, 0, 8, 60, 84, 59, 12, 29, 42, 68, 73, 35, 41, 27, 76, 61, 86, 72, 58, 66, 71, 17, 1, 90, 56, 25, 14, 26, 23, 53, 11, 67, 49, 92, 33, 75, 32, 96, 69, 83, 79, 34, 63, 77, 18, 38, 88, 47, 21, 28, 57, 94, 81, 98, 20, 40, 30, 10]
Array after sorting: [0, 1, 2, 3, 4, 5, 6, 7, 8, 9, 10, 11, 12, 13, 14, 15, 16, 17, 18, 19, 20, 21, 22, 23, 24, 25, 26, 27, 28, 29, 30, 31, 32, 33, 34, 35, 36, 37, 38, 39, 40, 41, 42, 43, 44, 45, 46, 47, 48, 49, 50, 51, 52, 53, 54, 55, 56, 57, 58, 59, 60, 61, 62, 63, 64, 65, 66, 67, 68, 69, 70, 71, 72, 73, 74, 75, 76, 77, 78, 79, 80, 81, 82, 83, 84, 85, 86, 87, 88, 89, 90, 91, 92, 93, 94, 95, 96, 97, 98, 99]

Algorithm: quick_sort
Case: average
Size: 1000
Time taken: 0.0012465999461710453 seconds

Algorithm: quick_sort
Case: average
Size: 10000
Time taken: 0.015791600046213716 seconds

