Algorithm: bubble_sort
Case: average
Size: 100
Time taken: 0.000543999998626532 seconds
Array before sorting: [27, 76, 25, 74, 28, 66, 24, 83, 41, 53, 47, 97, 90, 1, 89, 65, 6, 59, 34, 49, 7, 21, 99, 44, 50, 10, 54, 77, 85, 73, 32, 86, 35, 60, 57, 20, 16, 13, 17, 31, 78, 9, 12, 52, 61, 48, 94, 39, 56, 58, 71, 64, 19, 43, 0, 3, 69, 62, 98, 30, 36, 72, 80, 51, 91, 82, 63, 81, 8, 84, 5, 93, 79, 37, 11, 26, 75, 95, 2, 96, 67, 68, 46, 55, 4, 88, 87, 38, 70, 22, 14, 42, 15, 40, 23, 29, 92, 18, 45, 33]
Array after sorting: [0, 1, 2, 3, 4, 5, 6, 7, 8, 9, 10, 11, 12, 13, 14, 15, 16, 17, 18, 19, 20, 21, 22, 23, 24, 25, 26, 27, 28, 29, 30, 31, 32, 33, 34, 35, 36, 37, 38, 39, 40, 41, 42, 43, 44, 45, 46, 47, 48, 49, 50, 51, 52, 53, 54, 55, 56, 57, 58, 59, 60, 61, 62, 63, 64, 65, 66, 67, 68, 69, 70, 71, 72, 73, 74, 75, 76, 77, 78, 79, 80, 81, 82, 83, 84, 85, 86, 87, 88, 89, 90, 91, 92, 93, 94, 95, 96, 97, 98, 99]

Algorithm: bubble_sort
Case: average
Size: 1000
Time taken: 0.042942200001562014 seconds

