Algorithm: bubble_sort
Case: average
Size: 100
Time taken: 0.0005855000345036387 seconds
Array before sorting: [15, 89, 49, 97, 28, 71, 30, 29, 91, 14, 23, 10, 59, 94, 22, 75, 17, 3, 52, 67, 85, 51, 76, 68, 40, 72, 19, 77, 69, 87, 39, 41, 5, 66, 4, 92, 78, 31, 44, 56, 73, 13, 8, 96, 64, 80, 61, 43, 95, 86, 36, 93, 32, 98, 0, 79, 57, 46, 70, 82, 84, 24, 60, 21, 26, 27, 2, 55, 88, 16, 6, 48, 47, 9, 62, 7, 90, 20, 1, 38, 81, 83, 12, 37, 63, 35, 99, 54, 18, 25, 50, 58, 42, 74, 53, 34, 33, 11, 65, 45]
Array after sorting: [0, 1, 2, 3, 4, 5, 6, 7, 8, 9, 10, 11, 12, 13, 14, 15, 16, 17, 18, 19, 20, 21, 22, 23, 24, 25, 26, 27, 28, 29, 30, 31, 32, 33, 34, 35, 36, 37, 38, 39, 40, 41, 42, 43, 44, 45, 46, 47, 48, 49, 50, 51, 52, 53, 54, 55, 56, 57, 58, 59, 60, 61, 62, 63, 64, 65, 66, 67, 68, 69, 70, 71, 72, 73, 74, 75, 76, 77, 78, 79, 80, 81, 82, 83, 84, 85, 86, 87, 88, 89, 90, 91, 92, 93, 94, 95, 96, 97, 98, 99]

Algorithm: bubble_sort
Case: average
Size: 1000
Time taken: 0.04414289997657761 seconds

