Algorithm: bubble_sort
Case: average
Size: 100
Time taken: 0.000681100005749613 seconds
Array before sorting: [73, 17, 13, 81, 82, 69, 52, 8, 58, 76, 97, 35, 7, 30, 22, 0, 91, 25, 94, 53, 49, 40, 89, 55, 36, 60, 42, 27, 75, 88, 85, 80, 66, 5, 14, 24, 74, 23, 33, 86, 84, 41, 20, 18, 65, 56, 68, 79, 12, 90, 10, 28, 43, 78, 77, 16, 72, 45, 44, 61, 6, 4, 47, 11, 87, 46, 15, 38, 54, 67, 2, 59, 34, 19, 99, 39, 48, 21, 64, 93, 62, 32, 9, 63, 98, 92, 1, 70, 95, 57, 83, 71, 26, 3, 50, 96, 29, 37, 31, 51]
Array after sorting: [0, 1, 2, 3, 4, 5, 6, 7, 8, 9, 10, 11, 12, 13, 14, 15, 16, 17, 18, 19, 20, 21, 22, 23, 24, 25, 26, 27, 28, 29, 30, 31, 32, 33, 34, 35, 36, 37, 38, 39, 40, 41, 42, 43, 44, 45, 46, 47, 48, 49, 50, 51, 52, 53, 54, 55, 56, 57, 58, 59, 60, 61, 62, 63, 64, 65, 66, 67, 68, 69, 70, 71, 72, 73, 74, 75, 76, 77, 78, 79, 80, 81, 82, 83, 84, 85, 86, 87, 88, 89, 90, 91, 92, 93, 94, 95, 96, 97, 98, 99]

Algorithm: bubble_sort
Case: average
Size: 1000
Time taken: 0.043626400001812726 seconds

