Algorithm: bubble_sort
Case: average
Size: 100
Time taken: 0.0005876999930478632 seconds
Array before sorting: [4, 58, 63, 27, 44, 33, 95, 70, 73, 41, 72, 26, 6, 50, 37, 81, 82, 24, 77, 19, 35, 97, 62, 34, 16, 67, 48, 40, 90, 68, 89, 76, 85, 25, 92, 5, 12, 74, 60, 91, 42, 31, 96, 17, 7, 46, 71, 61, 75, 87, 69, 38, 49, 51, 55, 36, 0, 3, 1, 20, 84, 28, 52, 18, 79, 86, 59, 83, 30, 13, 47, 9, 56, 10, 64, 93, 14, 80, 65, 66, 22, 39, 98, 29, 53, 88, 23, 54, 8, 99, 94, 2, 45, 21, 32, 43, 57, 15, 78, 11]
Array after sorting: [0, 1, 2, 3, 4, 5, 6, 7, 8, 9, 10, 11, 12, 13, 14, 15, 16, 17, 18, 19, 20, 21, 22, 23, 24, 25, 26, 27, 28, 29, 30, 31, 32, 33, 34, 35, 36, 37, 38, 39, 40, 41, 42, 43, 44, 45, 46, 47, 48, 49, 50, 51, 52, 53, 54, 55, 56, 57, 58, 59, 60, 61, 62, 63, 64, 65, 66, 67, 68, 69, 70, 71, 72, 73, 74, 75, 76, 77, 78, 79, 80, 81, 82, 83, 84, 85, 86, 87, 88, 89, 90, 91, 92, 93, 94, 95, 96, 97, 98, 99]

Algorithm: bubble_sort
Case: average
Size: 1000
Time taken: 0.044230900006368756 seconds

