Algorithm: bubble_sort
Case: average
Size: 100
Time taken: 0.0005779999773949385 seconds
Array before sorting: [40, 10, 30, 82, 38, 46, 69, 73, 48, 87, 49, 96, 90, 85, 3, 74, 19, 50, 54, 81, 65, 66, 24, 4, 58, 9, 33, 44, 91, 45, 93, 14, 18, 47, 89, 80, 1, 75, 43, 97, 56, 25, 63, 72, 6, 28, 79, 59, 64, 51, 88, 0, 60, 34, 98, 37, 17, 12, 27, 68, 36, 84, 52, 41, 29, 78, 32, 86, 94, 62, 57, 26, 67, 99, 23, 7, 95, 11, 70, 2, 22, 5, 76, 53, 8, 35, 16, 77, 42, 39, 92, 31, 55, 61, 15, 21, 13, 20, 71, 83]
Array after sorting: [0, 1, 2, 3, 4, 5, 6, 7, 8, 9, 10, 11, 12, 13, 14, 15, 16, 17, 18, 19, 20, 21, 22, 23, 24, 25, 26, 27, 28, 29, 30, 31, 32, 33, 34, 35, 36, 37, 38, 39, 40, 41, 42, 43, 44, 45, 46, 47, 48, 49, 50, 51, 52, 53, 54, 55, 56, 57, 58, 59, 60, 61, 62, 63, 64, 65, 66, 67, 68, 69, 70, 71, 72, 73, 74, 75, 76, 77, 78, 79, 80, 81, 82, 83, 84, 85, 86, 87, 88, 89, 90, 91, 92, 93, 94, 95, 96, 97, 98, 99]

Algorithm: bubble_sort
Case: average
Size: 1000
Time taken: 0.04516559996409342 seconds

