Algorithm: bubble_sort
Case: average
Size: 100
Time taken: 0.0006093999836593866 seconds
Array before sorting: [7, 25, 35, 84, 57, 17, 65, 83, 77, 76, 18, 59, 39, 1, 8, 69, 81, 33, 82, 12, 61, 48, 74, 72, 99, 97, 67, 70, 16, 92, 5, 43, 34, 53, 15, 9, 55, 31, 6, 54, 3, 46, 2, 79, 86, 93, 94, 78, 85, 60, 56, 52, 32, 51, 95, 27, 14, 29, 28, 73, 96, 58, 38, 30, 40, 89, 90, 68, 98, 88, 62, 66, 87, 49, 11, 45, 37, 36, 50, 44, 22, 21, 13, 47, 10, 19, 24, 41, 0, 80, 26, 63, 20, 42, 71, 64, 4, 23, 91, 75]
Array after sorting: [0, 1, 2, 3, 4, 5, 6, 7, 8, 9, 10, 11, 12, 13, 14, 15, 16, 17, 18, 19, 20, 21, 22, 23, 24, 25, 26, 27, 28, 29, 30, 31, 32, 33, 34, 35, 36, 37, 38, 39, 40, 41, 42, 43, 44, 45, 46, 47, 48, 49, 50, 51, 52, 53, 54, 55, 56, 57, 58, 59, 60, 61, 62, 63, 64, 65, 66, 67, 68, 69, 70, 71, 72, 73, 74, 75, 76, 77, 78, 79, 80, 81, 82, 83, 84, 85, 86, 87, 88, 89, 90, 91, 92, 93, 94, 95, 96, 97, 98, 99]

Algorithm: bubble_sort
Case: average
Size: 1000
Time taken: 0.042890300042927265 seconds

