Algorithm: merge_sort
Case: average
Size: 100
Time taken: 0.0003505999920889735 seconds
Array before sorting: [21, 8, 76, 22, 86, 31, 53, 87, 84, 61, 66, 3, 59, 48, 15, 33, 56, 9, 88, 90, 43, 37, 70, 55, 29, 97, 95, 77, 16, 80, 85, 98, 75, 25, 41, 18, 89, 40, 36, 49, 99, 58, 0, 82, 83, 4, 11, 35, 46, 24, 1, 13, 14, 32, 81, 50, 67, 12, 54, 57, 72, 17, 91, 69, 62, 19, 42, 30, 10, 65, 2, 20, 73, 79, 51, 26, 78, 38, 45, 74, 71, 68, 47, 39, 34, 92, 7, 93, 44, 28, 94, 96, 64, 27, 23, 63, 60, 52, 5, 6]
Array after sorting: [21, 8, 76, 22, 86, 31, 53, 87, 84, 61, 66, 3, 59, 48, 15, 33, 56, 9, 88, 90, 43, 37, 70, 55, 29, 97, 95, 77, 16, 80, 85, 98, 75, 25, 41, 18, 89, 40, 36, 49, 99, 58, 0, 82, 83, 4, 11, 35, 46, 24, 1, 13, 14, 32, 81, 50, 67, 12, 54, 57, 72, 17, 91, 69, 62, 19, 42, 30, 10, 65, 2, 20, 73, 79, 51, 26, 78, 38, 45, 74, 71, 68, 47, 39, 34, 92, 7, 93, 44, 28, 94, 96, 64, 27, 23, 63, 60, 52, 5, 6]

Algorithm: merge_sort
Case: average
Size: 1000
Time taken: 0.0022366000339388847 seconds

Algorithm: merge_sort
Case: average
Size: 10000
Time taken: 0.021574000013060868 seconds

