Algorithm: merge_sort
Case: average
Size: 100
Time taken: 0.00042530003702268004 seconds
Array before sorting: [46, 30, 63, 34, 31, 91, 8, 52, 99, 25, 35, 83, 17, 74, 72, 42, 53, 5, 20, 3, 82, 15, 0, 38, 10, 69, 45, 14, 41, 22, 60, 90, 75, 93, 98, 89, 62, 84, 24, 43, 59, 13, 23, 48, 4, 27, 86, 44, 95, 79, 16, 73, 49, 7, 77, 54, 66, 21, 70, 40, 81, 32, 80, 26, 71, 88, 11, 6, 94, 2, 76, 78, 67, 68, 51, 36, 57, 9, 39, 50, 12, 55, 58, 47, 97, 64, 19, 87, 85, 28, 56, 65, 18, 61, 29, 92, 37, 33, 96, 1]
Array after sorting: [46, 30, 63, 34, 31, 91, 8, 52, 99, 25, 35, 83, 17, 74, 72, 42, 53, 5, 20, 3, 82, 15, 0, 38, 10, 69, 45, 14, 41, 22, 60, 90, 75, 93, 98, 89, 62, 84, 24, 43, 59, 13, 23, 48, 4, 27, 86, 44, 95, 79, 16, 73, 49, 7, 77, 54, 66, 21, 70, 40, 81, 32, 80, 26, 71, 88, 11, 6, 94, 2, 76, 78, 67, 68, 51, 36, 57, 9, 39, 50, 12, 55, 58, 47, 97, 64, 19, 87, 85, 28, 56, 65, 18, 61, 29, 92, 37, 33, 96, 1]

Algorithm: merge_sort
Case: average
Size: 1000
Time taken: 0.002339300001040101 seconds

Algorithm: merge_sort
Case: average
Size: 10000
Time taken: 0.024453300051391125 seconds

