Algorithm: merge_sort
Case: average
Size: 100
Time taken: 0.0003493999829515815 seconds
Array before sorting: [84, 24, 14, 79, 1, 96, 59, 27, 65, 23, 13, 89, 91, 30, 87, 47, 10, 6, 70, 11, 32, 16, 82, 63, 98, 51, 20, 9, 58, 0, 53, 26, 99, 36, 83, 71, 56, 44, 18, 45, 48, 60, 28, 69, 68, 29, 94, 67, 78, 80, 3, 17, 55, 92, 35, 64, 43, 19, 73, 72, 22, 54, 33, 93, 12, 81, 90, 77, 95, 52, 76, 25, 4, 2, 97, 7, 46, 34, 8, 40, 85, 49, 74, 42, 62, 37, 66, 88, 50, 38, 75, 15, 5, 21, 31, 41, 39, 57, 86, 61]
Array after sorting: [84, 24, 14, 79, 1, 96, 59, 27, 65, 23, 13, 89, 91, 30, 87, 47, 10, 6, 70, 11, 32, 16, 82, 63, 98, 51, 20, 9, 58, 0, 53, 26, 99, 36, 83, 71, 56, 44, 18, 45, 48, 60, 28, 69, 68, 29, 94, 67, 78, 80, 3, 17, 55, 92, 35, 64, 43, 19, 73, 72, 22, 54, 33, 93, 12, 81, 90, 77, 95, 52, 76, 25, 4, 2, 97, 7, 46, 34, 8, 40, 85, 49, 74, 42, 62, 37, 66, 88, 50, 38, 75, 15, 5, 21, 31, 41, 39, 57, 86, 61]

Algorithm: merge_sort
Case: average
Size: 1000
Time taken: 0.002578200015705079 seconds

Algorithm: merge_sort
Case: average
Size: 10000
Time taken: 0.026025200029835105 seconds

