Algorithm: merge_sort
Case: average
Size: 100
Time taken: 0.00031670002499595284 seconds
Array before sorting: [1, 53, 19, 66, 11, 65, 67, 45, 33, 82, 81, 52, 64, 99, 12, 0, 44, 25, 32, 84, 17, 47, 10, 4, 6, 23, 7, 90, 8, 20, 16, 96, 15, 28, 49, 80, 57, 60, 68, 62, 27, 92, 78, 39, 35, 97, 50, 70, 75, 38, 95, 55, 83, 43, 93, 89, 26, 40, 34, 21, 29, 31, 41, 76, 56, 58, 36, 87, 85, 88, 51, 24, 73, 46, 9, 74, 61, 59, 71, 14, 18, 13, 54, 2, 22, 3, 94, 86, 42, 91, 69, 98, 63, 37, 5, 79, 77, 48, 30, 72]
Array after sorting: [1, 53, 19, 66, 11, 65, 67, 45, 33, 82, 81, 52, 64, 99, 12, 0, 44, 25, 32, 84, 17, 47, 10, 4, 6, 23, 7, 90, 8, 20, 16, 96, 15, 28, 49, 80, 57, 60, 68, 62, 27, 92, 78, 39, 35, 97, 50, 70, 75, 38, 95, 55, 83, 43, 93, 89, 26, 40, 34, 21, 29, 31, 41, 76, 56, 58, 36, 87, 85, 88, 51, 24, 73, 46, 9, 74, 61, 59, 71, 14, 18, 13, 54, 2, 22, 3, 94, 86, 42, 91, 69, 98, 63, 37, 5, 79, 77, 48, 30, 72]

Algorithm: merge_sort
Case: average
Size: 1000
Time taken: 0.0018147000228054821 seconds

Algorithm: merge_sort
Case: average
Size: 10000
Time taken: 0.02104770002188161 seconds

