Algorithm: merge_sort
Case: average
Size: 100
Time taken: 0.000338299956638366 seconds
Array before sorting: [55, 94, 31, 60, 35, 21, 51, 9, 80, 69, 26, 91, 74, 20, 56, 53, 32, 65, 37, 46, 87, 13, 75, 93, 52, 76, 88, 83, 27, 45, 89, 72, 24, 8, 23, 70, 90, 22, 34, 68, 6, 18, 39, 66, 84, 95, 4, 67, 99, 98, 25, 1, 19, 59, 14, 49, 30, 92, 96, 78, 44, 71, 28, 0, 15, 5, 58, 82, 3, 64, 62, 86, 29, 48, 47, 33, 97, 77, 73, 16, 11, 12, 17, 63, 10, 50, 79, 54, 41, 40, 2, 85, 42, 38, 81, 43, 57, 36, 61, 7]
Array after sorting: [55, 94, 31, 60, 35, 21, 51, 9, 80, 69, 26, 91, 74, 20, 56, 53, 32, 65, 37, 46, 87, 13, 75, 93, 52, 76, 88, 83, 27, 45, 89, 72, 24, 8, 23, 70, 90, 22, 34, 68, 6, 18, 39, 66, 84, 95, 4, 67, 99, 98, 25, 1, 19, 59, 14, 49, 30, 92, 96, 78, 44, 71, 28, 0, 15, 5, 58, 82, 3, 64, 62, 86, 29, 48, 47, 33, 97, 77, 73, 16, 11, 12, 17, 63, 10, 50, 79, 54, 41, 40, 2, 85, 42, 38, 81, 43, 57, 36, 61, 7]

Algorithm: merge_sort
Case: average
Size: 1000
Time taken: 0.0019388999789953232 seconds

Algorithm: merge_sort
Case: average
Size: 10000
Time taken: 0.021654599986504763 seconds

